AXPO 2008 3.1 3.1 3.8 3.1 3.1 3.1 3.1 3.9
Beerten 2009 7.7 7.2 7.7 7.7 8.2 7.7 7.7 7.6
Beerten 2009 58 53 50 55 58 58 58 45
Beerten 2009 28 26 25 27 28 28 28 22
Beerten 2009 39 36 34 37 39 39 39 30
Beerten 2009 32 30 28 31 32 32 32 25
Dones 1996 8.7 6.6 8.7 8.7 8.7 8.7 9.0 6.8
Dones 1996 10 7.8 10 10 10 10 11 8.0
Dones 1996 24 18 24 24 24 24 25 19
Dones 1996 9.5 7.2 9.5 9.5 9.5 9.5 9.8 7.4
Dones 2004 8.7 8.7 8.7 8.4 8.7 8.7 8.9 8.7
Dones 2005 7.6 6.7 7.6 7.6 7.6 7.6 7.6 6.7
Dones 2005 4.8 4.7 4.8 4.8 4.8 4.8 4.8 4.6
Dones 2007a 11 11 11 11 11 11 11 10
Dones 2007a 11 9.8 11 11 11 11 11 9.8
Dones 2007a 7.5 6.5 7.5 7.5 7.5 7.5 7.5 6.5
Dones 2007a 7.8 7.5 7.8 7.7 7.8 7.8 7.8 7.4
Dones 2007a 10 9.2 10 10 10 10 10 9.2
Dones 2007a 7.7 6.7 7.7 7.7 7.7 7.7 7.7 6.7
Dones 2007a 5.2 5.0 5.2 5.1 5.2 5.2 5.2 4.9
Dones 2007a 5.2 5.0 5.2 5.1 5.2 5.2 5.2 4.9
Dones 2007a 9.8 9.0 9.8 9.8 9.8 9.8 9.8 9
Dones 2007a 6.0 4.6 6.0 6.0 6.0 6.0 6.0 4.6
Dones 2007a 7.7 6.8 7.7 7.7 7.7 7.7 7.7 6.8
Dones 2007b 13 13 13 13 13 13 13 12
Frischnecht 1998 8.6 8.0 6.5 8.4 9.2 10 8.9 7.4
Fthenakis 2007 16 15 16 16 16 16 16 15
Fthenakis 2007 25 23 25 25 25 25 25 23
Fthenakis 2007 55 51 55 55 55 55 55 51
Hondo 2005 10 7.6 7.5 9.9 10 10 10 5.6
Hondo 2005 30 23 23 30 30 30 30 17
Hondo 2005 24 19 18 24 24 24 24 14
Hondo 2005 27 20 20 26 27 27 27 15
Hondo 2005 27 20 20 27 27 27 27 15
Hondo 2005 22 17 17 22 22 22 22 13
Hondo 2005 24 18 18 24 24 24 24 14
Hondo 2005 11 8.4 8.3 11 11 11 11 6.2
Hondo 2005 27 21 20 27 27 27 27 15
Hondo 2005 22 17 17 22 22 22 22 13
Hondo 2005 23 18 17 23 23 23 23 13
Hondo 2005 23 18 17 23 23 23 23 13
Kivisto 1995 26 26 26 26 28 26 27 28
Kivisto 1995 10 10 10 10 11 10 10 11
Krewitt 1997 20 19 20 20 20 23 20 23
Lecointe 2007 6.1 5.4 6.2 6.3 6.1 6.1 6.1 5.4
Lecointe 2007 5.8 5.5 8.8 5.9 5.8 5.8 5.8 8.3
Lecointe 2007 5.5 5.2 8.3 5.6 5.5 5.5 5.5 7.9
Lecointe 2007 5.4 5.1 8.1 5.5 5.4 5.4 5.4 7.7
Lecointe 2007 5.2 4.9 7.9 5.3 5.2 5.2 5.2 7.5
Lecointe 2007 4.9 4.6 7.4 5.2 4.9 4.9 4.9 7.2
Lecointe 2007 4.6 4.3 7.0 4.9 4.6 4.6 4.6 6.8
Lecointe 2007 4.6 4.3 6.9 4.8 4.6 4.6 4.6 6.7
Lecointe 2007 4.4 4.2 6.7 4.7 4.4 4.4 4.4 6.5
Lecointe 2007 4.9 4.6 7.4 5.2 4.9 4.9 4.9 7.2
Lecointe 2007 4.2 4.2 6.4 4.4 4.2 4.2 4.2 6.5
Lecointe 2007 4.0 4.0 6.1 4.2 4.0 4.0 4.0 6.2
Lecointe 2007 3.9 3.8 5.9 4.1 3.9 3.9 3.9 6.0
Lenzen 2006 55 51 41 53 55 55 55 36
Lenzen 2006 58 47 43 55 58 58 58 34
Lenzen 2006 56 49 42 54 56 56 56 35
Lenzen 2006 54 53 34 51 54 54 54 31
Lenzen 2006 59 54 37 56 59 59 59 33
Lenzen 2006 58 53 65 55 58 58 58 57
Lenzen 2006 64 59 48 61 64 64 64 42
Lenzen 2006 49 45 37 47 49 49 49 33
Lenzen 2006 77 72 58 74 77 77 77 51
Lenzen 2006 45 42 34 43 45 45 45 30
Lenzen 2006 50 46 37 48 50 50 50 33
Lenzen 2006 60 56 45 58 60 60 60 40
Lenzen 2006 56 52 42 53 56 56 56 37
Lenzen 2006 55 51 41 52 55 55 55 36
Lenzen 2006 52 48 39 49 52 52 52 34
Lenzen 2006 120 110 93 120 120 120 120 82
Lenzen 2006 58 54 43 55 58 58 58 38
Lenzen 2006 31 29 23 30 31 31 31 21
Lenzen 2006 9.1 8.4 6.8 8.7 9.1 9.1 9.1 6.0
Lenzen 2006 5.6 5.1 4.2 5.3 5.6 5.6 5.6 3.7
Lenzen 2006 220 180 140 210 220 220 220 110
Meridian 1989 8.6 6.5 6.4 8.6 9.1 8.6 8.8 5.4
Rashad 2000 26 22 20 26 26 26 27 17
San Martin 1989 7.8 5.9 5.9 7.8 8.3 7.8 8.0 4.9
Tokimatsu 2006 10 9.8 15 10 10 10 10 15
Tokimatsu 2006 12 11 17 12 12 12 12 17
Uchiyama 1996a 21 17 16 21 21 21 21 13
Uchiyama 1996a 19 16 15 20 19 19 19 12
Uchiyama 1996a 22 18 17 21 22 22 22 13
Uchiyama 1996a 24 17 18 24 24 24 24 13
Uchiyama 1996a 18 15 13 18 18 18 18 11
Uchiyama 1996a 9.2 7.5 6.9 9.2 9.2 9.2 9.2 5.6
Uchiyama 1996b 10 8.4 7.7 10 10 10 10 6.2
Vattenfall 2007a 3.7 3.6 4.6 3.8 3.7 3.7 3.7 4.6
Vattenfall 2007b 3.5 3.3 4.4 3.5 3.5 3.5 3.5 4.2
Voorspools 2000 9.2 8.5 9.2 9.2 9.2 9.2 9.2 9.1
Voorspools 2000 7.0 6.5 7.0 7.0 7.0 7.0 7.0 6.9
White 1999 15 12 15 15 15 15 15 12
Wibberly 2001 40 35 30 40 40 40 41 27
Yasukawa 1992 34 28 26 34 34 34 35 21
Yasukawa 1996 26 26 26 26 26 26 26 26
Yasukawa 1996 7.9 7.9 7.9 7.9 7.9 7.9 8.1 8.1
